428573.521790128	12670350.9142557
429778.142372844	12672060.3971963
430147.158465267	12666685.8672714
429809.341683202	12672691.0916408
431829.039023389	12667557.5656163
432111.577655798	12668131.4470705
430304.812196567	12666652.7044411
431015.175981372	12666791.2025889
429905.056365828	12672365.5634392
432195.238170864	12668225.2367816
432383.769395690	12667092.5665848
431376.296211824	12668020.3626096
432409.507673157	12668063.2574504
431015.162066952	12666168.0117084
429893.911833437	12669058.4627918
429729.845553745	12670329.2018595
427745.822964360	12691507.5239997
430922.568325367	12667978.3962833
425124.266701403	12700277.5363353
420252.427903342	12706782.8723285
421660.812984696	12654695.9900512
420436.882438479	12677833.8250898
421432.273694327	12681780.2320658
429474.515366450	12662889.1903089
429302.633077346	12664760.0828794
428318.197466601	12665446.7806186
420368.623003904	12706181.0261729
428522.106733733	12662635.4507593
428421.621971952	12664770.1492877
430268.921560755	12666146.1295321
402923.270226969	12637016.0277005
404093.653818737	12606092.4202960
403822.599341934	12609693.8891171
402362.072917021	12629446.0711345
405360.097335172	12604490.2889803
402727.823374750	12612917.6434856
406211.509148973	12617910.3778328
407731.850289616	12610918.4617835
405600.072746835	12623615.6151475
406211.509148973	12617910.3778328
421863.882568170	12628502.8989276
407057.873743593	12587342.7280441
405581.299363806	12595091.4851385
405360.097335172	12604490.2889803
405397.705344742	12595670.7094742
415973.750920691	12614935.3725458
405738.868476212	12600820.9571481
404093.580705203	12609521.2683964
418572.444176040	12620522.0968305
420869.887855623	12626240.2278665
421441.347465567	12626654.1794022
408850.506941550	12591990.6618066
395312.802087832	12586496.6901408
419447.935515584	12625123.9775824
419381.776789644	12625150.2119078
419411.901943029	12624936.1360932
421813.521474128	12628365.2071706
422728.835869510	12618467.5407024
421814.094475073	12628444.4671589
406211.509148973	12617910.3778328
396842.337508478	12594665.6849559
395714.299596677	12582504.0051437
405877.397746993	12590937.2892222
391664.621381308	12593833.0524714
394757.700545912	12586706.2403324
423747.572127027	12625139.0432631
397574.160947967	12575007.7605339
393599.748103534	12591024.4939032
394619.792450821	12586471.7851393
394217.202742031	12586873.6845564
408441.068647657	12595163.5014857
395695.228355230	12585707.8350503
393346.619585918	12585667.5677971
394365.274456698	12590557.5080256
394933.204657316	12585884.2420349
394310.302720787	12585820.2939644
394692.667655001	12585850.8679724
407683.512028633	12589721.8865460
394091.883716032	12586220.7207940
407539.182972008	12600664.4088559
394361.942701246	12581420.3751710
393347.465807344	12585409.5065623
408448.948272112	12599064.7981182
407629.243382218	12597470.6553703
407780.666347457	12600069.2003229
407686.849825672	12594131.6538720
407706.860525992	12599610.7823786
407738.608941784	12601265.4864112
407741.678886367	12600221.1581379
408612.930098621	12598998.4956929
410756.499505588	12607654.6309692
407919.671699817	12600912.5634992
407534.793627761	12600209.2891424
414112.275460500	12603830.7046180
407414.999697453	12598831.4509026
410795.998585720	12599365.7819084
412800.026610707	12609845.2618156
414216.440173658	12609683.0656705
411754.219779840	12608316.8436265
412922.434982518	12612457.6926263
416045.763136947	12614718.8269533
410569.174296214	12602947.6431533
411333.848544623	12598814.7571946
413829.477010106	12608298.4519013
413087.684520805	12602931.1918743
414216.440173658	12609683.0656705
412522.213691144	12599086.9134579
413196.064724229	12610437.3320313
412739.522170225	12608669.8730618
413581.958806428	12601671.5900323
414887.538474990	12605096.3834713
414070.963986477	12603392.6919278
413510.300557694	12604223.6504507
412789.403177244	12608259.6621328
409462.269157959	12593147.4598283
385874.816792261	12628974.6034128
413780.503953813	12608164.8711364
412788.174395711	12605843.3379047
385596.311462099	12626901.0255149
383525.550974734	12610190.1116553
371755.004022782	12621759.1169274
377700.506750677	12644314.1065415
385633.113253120	12629300.7725907
386390.395263077	12628305.7485744
386380.973169000	12628306.4926769
386086.674012343	12628696.9834356
372431.563016779	12668464.8385030
386153.384001994	12628306.3838806
401658.941059605	12592261.5332213
385837.600406356	12628504.1886074
386054.584936336	12629359.6119700
391876.663247090	12594140.2123567
402351.959368691	12594369.7634970
396582.342140070	12596189.2833574
385777.927513496	12627927.1545086
401054.979874334	12597463.1028515
401730.464464881	12593378.7292176
402363.634954439	12594566.5743712
400466.245267661	12597953.3522528
402496.014624787	12590717.0334992
402216.482654063	12594722.6543452
398612.438435916	12599617.6497424
401001.269048459	12597457.7401075
403891.337326341	12588891.7072259
401338.694539386	12594414.7586727
402360.878179554	12588827.8618977
402485.240314910	12592353.1680486
404089.955424543	12590310.6564655
402074.640837139	12594313.5819516
403766.500528311	12589206.9944853
398612.438435916	12599617.6497424
404998.633488569	12588286.8789990
402370.087017249	12594143.0420036
404044.185932816	12590545.2052481
402352.858293429	12588708.5209700
402369.150615245	12589218.0480532
398612.438435916	12599617.6497424
401658.941059605	12592261.5332213
405200.766936878	12589631.2990069
402490.072511152	12592302.0876806
402221.283410480	12589125.5483441
401387.418998591	12593946.3259591
405074.102867810	12588516.8701391
431269.500396183	12666217.1362637
406112.014833742	12636341.6879388
404660.407042007	12636547.8094210
410309.862660833	12598292.8381577
412548.184416017	12598972.9029822
406104.007644685	12593624.8611386
412870.435068975	12612852.1812340
406056.789726088	12596518.9142865
420658.438224095	12629565.5027273
426279.684563680	12631908.5557547
406157.707676809	12599717.8394302
419368.516406562	12625130.1208248
405397.705344742	12595670.7094742
418611.710096715	12621534.1819489
406271.159413639	12591730.0207432
392378.187818930	12586981.8499191
408264.423201675	12593763.2464818
406611.013784190	12591217.9577790
392116.646066594	12599074.6406891
395239.498722700	12591192.9487687
394200.247436124	12589248.0667089
392168.171408839	12609876.9305613
410344.258647956	12598160.6879804
412742.732740269	12599884.5617472
410802.250937481	12607179.6281288
416045.763136947	12614718.8269533
418546.211241057	12601814.6904680
410447.957951209	12598527.9907230
412116.603093636	12618588.1280059
415430.500503984	12602355.2005324
410445.419785844	12598866.5659573
413701.713390866	12603443.2853515
412807.456052801	12600560.8887909
412955.084044427	12612540.9179058
413001.001047902	12608480.7013749
413402.520492546	12608491.1669323
386473.173256581	12628897.3540848
413881.889565624	12608526.9378079
416019.906822643	12608942.4820132
410906.043322613	12600064.0092338
405154.747376288	12586868.3433896
413389.210287699	12605073.1538482
385963.953680287	12628559.4773131
398292.616156032	12603135.2231542
390810.926893814	12617952.2726074
400664.047109901	12595347.1135270
399582.790626476	12589203.6047529
385981.644363182	12628590.3802884
400334.025795351	12596185.2965333
385956.627879172	12628583.6873500
402734.360753215	12592297.0427901
402074.640837139	12594313.5819516
402232.584528737	12593318.0985924
425597.624179846	12688796.4617128
403179.193666876	12599987.9304945
430991.832553815	12668876.8288633
404255.602920235	12629923.6345154
404704.354731286	12590000.2497140
405756.047248664	12608878.5153137
406049.496037018	12599996.4157612
404877.110870756	12599916.1393133
413926.664224434	12607066.6044273
407690.464368550	12592697.3159511
403169.397603685	12592977.4875098
407971.365673702	12650934.8328047
420115.127176192	12647206.7146205
421348.606908917	12694899.4898195
417198.091564702	12694106.5292199
419027.613474885	12648305.2460669
407171.217640574	12660153.5538222
414225.112070479	12634945.8213489
414375.983666791	12688960.9383972
407042.914436500	12651876.3396409
409912.505835415	12639095.1980120
407682.306274177	12636894.2676893
408397.368694910	12642414.8048294
406500.284625226	12640316.4976221
415301.718758585	12691877.8386148
418631.879402907	12655214.3912445
418135.035482164	12646121.7958228
415453.242803041	12693377.3667462
415469.003253152	12693822.2119973
410024.957342104	12641991.1561995
407057.850015336	12655169.9176005
417445.225406604	12635284.3471516
417181.103902709	12633723.5888955
416010.784508101	12658497.9413678
418057.459736990	12652952.0105157
418010.789830155	12692294.9742296
418727.609001879	12651528.0356340
410579.163931856	12631723.9904291
419855.978778266	12648561.4035609
414385.177438473	12568487.2992863
409694.644615055	12639549.1639604
419894.710576349	12648938.1018535
407466.244100196	12657001.1794190
410433.966863644	12649237.2255469
406431.285678009	12652033.4218214
407125.553927283	12652058.6141406
407567.009806143	12648875.6407753
418105.011703908	12681840.5312619
408682.358924434	12624352.9600599
417976.810891341	12653541.4628592
419145.051231875	12652325.9325118
407452.198812559	12645225.5950489
409063.715378978	12654866.7181026
407272.925660113	12653852.3107686
410991.073364754	12663097.2855212
409405.642835340	12648709.7448892
410165.460623882	12652298.2396036
407192.144754877	12655787.3304916
410780.513146159	12643966.5861796
410499.765822410	12644763.4363283
408641.673342653	12652757.3660708
411343.012074880	12645037.4141087
413017.587029342	12638644.0196325
407136.816057496	12653337.3735840
405383.792647902	12551677.5470303
404931.955943674	12570565.0369235
405577.326998914	12549341.4967308
405783.064801742	12552582.0481451
401309.340758445	12565516.1795206
405869.776491192	12551070.8708383
406023.795080651	12553428.6830592
410308.171988379	12545725.6985013
417316.265079975	12552357.1640392
410379.988823937	12585760.2263820
403284.280069606	12581946.3676130
405755.430668791	12552433.5942818
417365.975116307	12588560.8314772
403798.120956551	12585731.2071563
407007.364131357	12582747.8951273
405993.864344377	12575242.2768782
406748.750355259	12584307.9883995
405894.760906818	12552031.5281679
407509.494062939	12585185.5757427
404344.385142837	12573211.0937020
409371.309172612	12578897.9079957
411175.789168566	12554333.7928651
419928.508684105	12563371.8615808
412466.919317181	12564137.7008217
414937.282215981	12560013.7336216
409242.378064650	12567647.9323580
407798.547926804	12564688.6519144
410379.988823937	12585760.2263820
409195.620470033	12580453.0406795
417397.343698157	12551283.7347322
409530.488591538	12578165.1650599
417102.283646090	12550360.7045569
410501.841539933	12582087.4110657
409454.021463680	12577776.2529507
406346.939904454	12552328.9203621
409319.307725518	12573038.5421992
410584.773830285	12580516.9805274
417708.976533799	12550846.2387144
396898.837349332	12596901.3180528
409319.307725518	12573038.5421992
409944.382334340	12559793.8903485
410363.710335026	12579471.1959717
410515.024820276	12580321.7745827
413271.359156483	12565069.4755010
408428.662905635	12567676.4902622
411566.954889485	12581533.8701256
421491.934847176	12528086.1507925
417505.395961517	12550468.8415447
412049.343727150	12577516.8149820
410969.737018237	12572909.5323275
414220.592181641	12638603.3021194
415257.601015422	12691931.2806625
410141.694390829	12674833.6676582
412918.407887071	12638516.8627708
405709.167639073	12670868.4219977
412517.882245906	12668020.8684468
418100.160565600	12692783.7019646
419000.614957927	12650632.9361216
410349.272349875	12669730.1964693
417617.744802756	12650312.0249125
420961.834403145	12696857.3103534
418989.835166663	12681268.0562401
418277.812854956	12681898.0290224
417976.810891341	12653541.4628592
407549.047826765	12658430.9416667
418034.826183928	12653575.9995749
413875.740717800	12637795.5808621
417516.749580713	12642113.8522671
408421.452373244	12655968.2839986
410639.142335335	12632306.1987595
418347.935003948	12686199.5951455
411463.299574033	12648303.3914389
419641.072362067	12679587.8414427
407844.994744432	12647381.7644859
418500.800012569	12638878.0473564
414549.334842742	12675497.2656324
420489.636013831	12693470.0047309
410267.039349937	12691811.5368749
422403.674996105	12694890.5688196
410027.246043136	12694020.6981482
408170.160559045	12658489.6910959
408544.271151298	12655718.0395277
405341.392320366	12652480.9627559
408764.190611197	12656897.2313254
415735.753824593	12694225.6093454
406953.012902750	12656052.7464828
408493.151989611	12657642.7204736
415711.794586655	12694043.2475785
408613.734641981	12656958.8591425
418836.864889099	12569261.2313050
413271.359156483	12565069.4755010
418791.434873306	12584194.7788705
424936.958315840	12582273.6261697
420551.814615110	12591536.9566653
424518.223638598	12580797.0583839
418138.447092177	12593182.7886427
421998.935474803	12596041.6135091
418561.833612470	12594331.2431262
416132.089587954	12583433.6844647
415096.621144145	12587577.9498556
418169.698097766	12578750.4717123
419755.011188375	12590335.4357196
410379.988823937	12585760.2263820
418376.472298297	12591936.7954001
407165.241636667	12564515.6177157
407608.236288635	12586590.6512259
420383.785273377	12594118.8227998
406026.697205416	12574645.9334003
418853.460446877	12592689.2637701
418554.892811027	12592933.5594075
419755.011188375	12590335.4357196
418889.813896564	12591536.7404562
418381.070204331	12644613.8618602
414445.323969661	12632986.6535363
405016.576956803	12659312.6979515
401151.082558425	12578554.5079712
418941.857919782	12645754.1824989
402450.924809847	12572358.9130664
407165.241636667	12564515.6177157
405827.192415965	12574832.4899166
410494.006000767	12587081.2695445
407256.871456379	12642277.2655945
410698.074845189	12673029.7613858
416703.604231771	12691228.0647314
408581.166546151	12653019.7840095
413811.758288128	12637155.0195198
412881.401111043	12638676.9464966
415724.039025625	12694286.1565661
418989.835166663	12681268.0562401
412913.623678777	12676338.9657841
405957.775368447	12660592.9844996
418488.192426332	12687025.9139359
404948.711146703	12654909.0330385
415404.208252627	12637824.8598394
418293.792231726	12639459.9253087
408348.724455222	12671948.6459602
416479.780151336	12672982.4533477
419117.977216448	12643817.7441182
405973.081523572	12636584.1148560
418415.026762023	12639088.3577008
409378.158229338	12669103.3646439
420410.431986136	12690964.9097968
417516.749580713	12642113.8522671
422221.661782408	12694322.9567815
417853.609966547	12645254.9664964
407729.524364354	12686078.3722340
420226.824635602	12690419.4556240
415922.502476350	12638537.3871948
420371.080643208	12705659.9334417
405957.775368447	12660592.9844996
410267.039349937	12691811.5368749
416317.964101862	12687375.3741908
411875.472897625	12669144.1930390
409204.814065386	12667674.9320627
422142.231096318	12592759.2745269
416955.189617887	12592161.7397779
418741.378882328	12592206.8074580
414002.499460954	12592971.9509800
403252.037020468	12581052.3229651
421308.918742931	12595927.0122838
401359.682446102	12565392.3353356
410642.772089231	12648846.9224725
407950.465483311	12583598.9743623
407604.691043640	12583468.3278754
418415.026762023	12639088.3577008
410098.548686149	12662302.2934845
413017.587029342	12638644.0196325
416455.477575570	12685589.7355137
403468.843399876	12554448.1958662
408888.473874116	12651284.3836084
418415.026762023	12639088.3577008
406152.715305605	12636245.8705021
410860.328536914	12665627.4336445
407920.891646506	12674030.1268399
404342.255311991	12661432.9817869
418098.974407857	12653286.4128978
412042.817134935	12638819.4537352
407196.706168667	12648971.3280056
419109.165125392	12646684.6006253
406158.606562483	12660431.6853244
408038.243258429	12628495.1909920
407225.245009622	12564302.6394292
408292.131796822	12644632.6215678
417596.479960107	12686003.8831660
405149.762255052	12654341.5580579
407704.349227770	12645680.4414716
407878.583345977	12636991.0501782
408018.561420042	12653093.6726360
409493.606713834	12661338.2563694
409776.650946173	12645388.7776029
412434.075271158	12662074.6320600
407971.836741465	12642819.0775913
406469.675902426	12644203.2585539
407669.554857691	12647183.5954918
412934.023978969	12677461.7830095
408968.434250891	12646302.1086350
405828.127363599	12677076.8008963
405504.330913363	12668933.6676628
406336.046158118	12575337.6587892
409706.349655123	12676913.6614354
411192.405494135	12554850.8545015
410435.295567095	12554387.1371640
412113.121517335	12668564.7407714
410271.012582319	12648076.7143542
413686.711111683	12657800.1944779
411395.817454050	12644562.3554651
408158.264633605	12555176.7148939
406794.643872327	12581336.7433037
407497.189047588	12645866.2400157
409743.599928609	12565897.1232717
405751.423157964	12646837.4235879
403412.325067527	12583486.7412178
408048.927509286	12583363.2350292
402344.545607185	12572730.9628602
409700.511947005	12574836.0789473
407343.121878264	12583140.7507154
402486.991893847	12572025.5880104
408057.656718464	12555246.0643526
407340.924507369	12576012.5081223
420485.826794987	12595438.4878009
410478.174223085	12554337.4321734
405836.751844295	12575104.7852765
407489.876929996	12577582.4892908
409760.133624883	12569438.4238698
412492.332227432	12663419.7168758
404562.342387465	12658950.5371390
413987.549293388	12657722.1691711
413081.784303702	12682949.7563560
404650.830124115	12656237.6398235
408288.112590497	12649243.5108117
415671.708633212	12692534.0676370
407340.924507369	12576012.5081223
418267.139083074	12578915.9204536
407419.156967616	12576957.9184638
409328.746826069	12580310.3695928
409516.332074147	12647848.3036014
405488.286544773	12549091.8480094
406851.977856210	12579881.7520711
419155.931544767	12594591.5408658
418203.250675483	12655632.9943019
407190.407598195	12648985.6421657
407014.348189953	12575269.8825992